1001	3
1008	3
1015	2
1022	3
1036	1
104	976
1043	3
1050	6
1057	2
1064	2
1078	2
1085	2
1092	2
1106	1
111	5583
1113	2
1120	77
1127	2
1148	2
1155	4
1162	2
1169	1
1176	5
118	679
1190	1
1197	2
1204	1
1211	2
1218	2
1225	1
1232	3
1239	2
1246	3
125	4940
1253	3
1260	14
1288	5
1295	2
1302	1
1309	2
1316	2
132	172
1330	1
1337	1
1344	2
1351	1
1358	2
1365	1
1379	3
139	140
1393	1
1400	121
1407	1
1414	2
1421	2
1428	14
1435	2
1442	3
146	384
1470	2
15	2547442
1512	3
153	1448
1533	12
1540	8
1575	1
1596	2
160	2886
1603	3
1610	1
1617	2
1638	1
1645	1
1652	1
1666	20
167	81
1680	57
1701	1
1715	3
1729	1
174	49
1750	1
1771	1
1778	2
181	1257
1813	1
1820	7
1855	1
1869	1
188	122
1904	1
1925	2
1932	2
1939	6
1946	1
195	69
1953	1
1960	15
2002	1
2016	1
202	59
2037	1
2044	1
209	88
2100	9
216	186
22	7061582
2226	1
223	34
2233	1
2240	28
2275	1
230	147
2366	1
237	45
2380	1
2394	1
244	142
251	28
2513	1
2520	12
2548	2
2555	1
258	63
265	22
2660	14
272	143
2730	1
279	9
2800	68
286	33
29	453671
2926	1
293	48
2933	1
2940	2
300	727
3003	1
3066	1
307	156
3080	23
314	80
321	16
328	27
335	14
3360	3
342	48
3479	15
349	3
3500	2
356	15
36	286221
363	117
3640	3
370	24
3703	1
377	19
384	38
3864	1
391	6
3920	2
398	4
4	243255
4004	1
405	4
412	8
419	4
4200	3
426	14
43	13465
433	25
4340	1
4375	1
440	692
4403	1
447	8
4480	5
454	25
4599	1
461	21
4620	1
468	7
475	11
4760	1
482	11
489	2
496	6
50	102639
503	5
5040	2
510	6
517	6
524	1
531	3
5320	1
538	11
545	26
552	7
559	2
5600	5
566	22
57	30046
573	2
580	119
587	6
5880	6
594	3
60000	2
601	2
608	5
615	14
6160	1
622	17
629	2
636	9
64	2318
643	6
6440	1
650	12
657	2
664	5
671	3
678	1
685	5
692	4
699	2
7000	1
706	3
71	7294
713	2
720	265
727	7
748	1
755	3
762	1
769	14
776	4
78	821
783	3
790	4
797	5
804	1
811	1
818	1
825	2
832	6
839	1
846	3
85	6101
853	4
860	68
881	2
888	21
895	2
902	1
909	12
916	4
92	855
923	3
937	1
944	1
95000	1
951	1
958	3
965	1
972	1
979	2
986	2
99	76
993	1
