1000	332
1007	2
1014	1
1028	4
103	732
1035	1
1049	1
1056	1
1063	3
1070	2
1077	1
110	1008
1112	4
1133	12
1140	19
1154	1
1161	1
1168	1
117	1864
1175	1
1196	1
12000	1
1203	3
1217	1
1224	1
1231	1
1238	2
124	221
1245	1
1252	1
1259	1
1266	4
1273	2
1280	70
1287	1
1294	2
131	337
1315	1
1336	1
1350	4
1364	1
1371	1
138	370
14	2192003
1413	2
1420	7
1427	1
1434	1
1448	1
145	446
1483	1
1490	3
1518	1
152	165
1525	1
1539	1
1553	1
1560	25
1567	1
1574	2
1588	1
159	51
1616	2
1630	1
1637	1
1644	1
166	2333
1693	1
1700	6
1707	2
1714	6
173	312
1735	2
1742	1
1749	1
1756	1
1777	6
17880	2
1791	1
180	767
1805	1
1833	7
1840	1
187	260
1875	4
1896	1
1910	1
194	66
1952	2
1980	8
1994	1
201	59
2022	3
2043	1
208	83
21	12669674
2120	19
215	67
2169	1
2176	1
2190	1
2218	1
222	981
2260	39
229	56
2316	1
2323	1
2330	1
2351	1
236	59
2393	1
2400	121
2428	2
243	40
2477	1
250	868
2505	1
2533	2
257	77
2610	1
264	22
2666	2
2680	32
271	21
2750	1
278	17
28	1202293
2820	2
285	482
2862	1
292	17
2960	4
299	3
3	111876
3016	1
306	14
3100	1
313	10
3142	2
320	1351
3233	1
3240	2
327	19
334	9
3366	1
341	12
3422	1
348	5
35	243872
3520	7
355	29
362	7
369	7
3723	1
376	10
3800	11
383	26
390	16
397	4
404	24
411	8
418	6
42	54980
4220	1
425	19
432	17
4360	1
439	3
4444	1
446	12
453	8
460	3
4640	4
467	6
474	1
481	6
4850	1
488	37
49	1625
495	4
502	7
5060	2
509	10
516	13
5200	5
523	7
530	3
5312	1
537	3
544	5
5480	7
551	2
558	2
56	2151
565	4
572	7
579	1
586	6
593	3
600	878
6033	1
607	8
614	1
621	3
6215	1
628	10
63	3458
6320	1
635	5
642	14
649	3
656	4
6600	1
663	6
670	2
677	3
684	3
6880	1
691	2
70	2713
705	7
712	5
726	4
733	16
740	61
747	3
750000	1
754	4
761	1
768	2
77	1207
775	4
789	1
796	5
8000	6
803	8
810	4
824	1
84	841
845	1
852	6
859	1
866	13
873	1
880	251
887	12
894	1
901	2
908	3
91	483
915	1
922	3
929	4
936	2
950	2
957	4
96000	1
971	2
98	219
985	2
992	3
