10000	1
1002	3
1009	1
1016	3
1023	1
1030	1
1037	1
1044	1
105	2081
1051	2
1058	2
1065	3
1072	3
1093	1
1100	31
1107	1
1114	2
112	887
1128	1
1135	2
1142	8
1156	1
1163	2
1170	4
1177	3
119	335
1191	2
1212	2
1226	3
1233	4
1240	41
1254	3
126	496
1275	7
1310	1
133	3319
1331	2
1338	1
1352	1
1366	3
1373	1
1380	10
1387	1
1394	1
140	1317
1401	1
1408	1
1436	1
1443	1
1450	1
1457	4
1464	1
147	207
1485	1
1513	2
1520	50
154	149
1555	2
1562	2
1569	1
1583	1
16	2424160
161	136
1625	5
1632	5
1639	25
1653	1
1660	17
168	113
1688	1
1702	1
1709	1
1737	1
175	307
1772	1
17763	1
1793	4
1800	76
182	103
1828	1
1842	1
1856	1
189	62
1933	1
196	79
1975	2
2003	1
2010	1
203	51
2031	1
2052	1
2066	2
2073	1
2080	47
2087	1
210	233
217	72
2220	6
224	30
2248	1
2262	3
23	3080606
231	88
2360	8
238	66
2444	1
245	52
2500	13
2514	1
252	24
2528	1
259	11
2640	8
266	347
2668	1
2710	1
273	14
280	2178
2808	2
2857	4
287	28
2885	1
2920	4
294	45
2962	1
30	2066830
301	12
3060	9
308	53
3130	1
315	51
3200	33
322	37
3235	1
329	10
3333	6
336	27
343	11
3466	1
350	64
3543	1
357	35
364	9
3690	1
37	130001
371	12
3760	1
378	16
385	19
3879	23
3900	1
392	15
3970	1
399	18
4040	2
406	4
413	8
420	203
427	4
4320	2
434	16
44	89156
4404	1
441	4
4432	1
448	8
4516	1
455	5
4600	7
462	10
469	5
476	12
4761	1
483	13
4880	3
490	10
497	2
5	527640
504	5
51	4044
511	4
518	3
525	14
532	7
539	5
5440	2
5454	1
546	8
553	4
560	432
567	2
58	10104
581	4
5860	2
588	16
595	3
6000	3
602	7
609	5
616	2
623	1
6280	4
630	15
637	9
644	3
65	1123
651	3
658	1
665	3
672	5
679	3
686	3
6959	1
700	114
707	3
714	28
72	5470
720000	1
721	2
728	8
735	5
7400	1
742	6
756	5
763	3
777	4
784	4
79	234
798	2
805	2
812	3
819	45
833	35
840	150
847	3
854	4
86	1382
868	2
875	8
882	1
889	1
899900	1
903	1
910	5
917	1
924	1
93	818
938	1
945	3
952	10
966	7
980	27
987	1
994	1
10	2459236
1003	2
1010	3
1017	1
1024	1
1031	1
1038	2
1045	3
1052	11
106	908
1066	7
1080	155
1115	2
1122	5
113	611
1136	1
1150	2
1157	5
1164	1
1171	6
1178	2
1185	1
1192	1
120	4191
1206	2
1213	2
1220	8
1227	1
1234	2
1241	1
1248	1
1262	6
127	826
1290	4
1297	1
1304	1
1311	2
1318	1
1332	3
134	276
1346	3
1353	2
1360	50
1388	3
1395	1
1409	1
141	315
1416	1
1423	1
1430	5
1437	1
1444	4
1472	6
148	311
1486	2
1493	1
1500	19
1521	1
1535	1
1542	2
155	438
1577	2
1584	1
1591	2
1605	1
162	210
1626	1
1633	4
1647	2
1654	2
1682	1
169	314
17	1047575
1710	1
1731	1
176	372
1766	1
1780	4
1794	1
1815	1
1822	3
183	342
1836	1
1850	1
1864	1
1871	1
1878	2
1885	1
190	298
1920	22
197	45
1976	1
2011	1
2018	1
2025	2
2032	3
2039	3
204	57
2060	16
211	74
2116	1
218	97
2200	72
22300	1
225	126
2270	1
2312	1
232	27
2340	1
239	12
24	2221551
2403	1
2424	1
246	40
2466	2
2473	1
2480	43
253	26
2550	1
260	806
2606	1
2620	3
267	10
2711	1
274	8
2760	7
2774	1
2781	1
281	29
288	42
2900	1
295	14
2970	1
2998	1
302	9
3040	7
309	18
31	1042337
316	29
323	24
3257	2
330	18
3320	4
337	15
344	23
3460	5
351	11
358	6
3600	19
365	10
372	8
379	5
38	68659
386	5
3866	2
3908	1
393	7
3964	1
400	2250
407	6
414	5
421	16
428	72
435	8
4412	1
442	14
449	4
45	20191
456	6
463	11
470	16
4720	1
4755	1
477	6
484	3
4860	2
4902	1
491	5
498	2
5000	4
505	3
512	23
519	2
52	10161
526	19
5280	5
533	45
540	134
547	3
561	8
568	5
5714	1
575	7
582	5
5840	1
59	1165
6	777788
600000	1
603	9
610	6
6120	2
617	3
624	2
6260	1
631	12
638	2
6400	3
645	12
6456	1
65000	1
652	6
66	31037
6659	1
666	68
6666	1
6680	2
673	7
680	491
687	4
694	1
701	2
708	8
715	4
7240	1
729	2
73	1181
736	4
743	3
750	24
757	4
764	2
771	3
778	2
785	1
792	4
799	2
80	8555
806	2
813	4
820	1
827	1
834	4
841	6
848	6
855	6
862	3
869	7
87	897
876	1
883	2
890	5
897	2
911	7
918	9
925	3
939	2
94	562
946	1
953	4
960	91
981	1
988	1
995	1
0	82635145
100	12154
1004	2
1011	3
1018	1
1025	3
1032	2
1039	2
1046	3
1053	4
1060	44
107	1149
1074	1
1088	4
1095	1
11	2760749
1102	3
1109	1
1116	2
1137	1
114	2361
1144	1
1151	1
1158	3
1172	1
1193	3
1200	203
121	873
1214	2
1228	2
1235	1
1242	1
1256	1
1263	4
1270	2
1277	2
128	612
1291	1
130000	1
1305	2
1312	1
1326	1
1333	30
1340	10
135	375
1354	3
1361	2
1375	4
1382	2
1389	1
1403	1
1410	2
142	3083
1431	2
1466	4
1473	7
1480	105
149	64
15000	1
1515	1
1529	1
1536	1
1543	1
1550	4
1557	1
156	150
1571	2
1578	2
1585	3
1592	1
1606	1
1620	4
1627	1
163	250
1662	1
1683	3
1690	1
170	145
1711	1
1718	1
1732	1
1739	6
1760	28
177	255
1781	1
18	1924322
1802	1
1830	1
184	106
1851	3
1893	4
1900	8
191	114
1977	1
198	44
200000	1
2012	1
2019	1
2033	1
205	64
2061	1
2110	2
212	73
2166	3
2180	2
219	26
2222	12
2236	1
2250	3
226	26
2264	1
2285	2
2306	1
2313	1
2320	21
233	209
2355	1
2383	1
240	1890
2460	14
247	37
2488	1
2495	1
25	4917112
2502	1
2509	2
2516	1
254	57
2600	53
261	17
268	28
2684	1
2705	1
275	154
282	17
2880	12
289	10
2950	1
296	25
303	27
3076	4
310	46
3111	1
3146	1
3160	2
317	22
32	854766
324	15
3279	9
331	7
338	37
3440	5
345	23
3510	1
352	51
3559	1
359	6
3636	2
366	81
3720	3
373	13
380	202
3860	6
387	20
39	19402
3923	1
394	3
4000	42
401	12
408	7
4126	1
415	6
422	5
4280	10
429	12
436	14
443	22
450	17
457	28
46	36483
464	1
4700	1
471	10
478	10
4840	1
485	9
492	4
499	3
50000	3
506	4
513	3
520	469
5260	1
527	3
53	8856
534	1
5400	3
541	5
548	2
555	27
562	6
5680	1
569	3
576	6
5792	2
583	9
590	4
597	2
60	21775
604	4
611	7
618	6
625	31
632	9
639	2
646	6
653	2
660	193
667	2
67	653
674	1
6800	4
681	3
688	7
695	5
7	965886
709	3
716	9
723	2
730	2
737	1
74	1294
744	5
751	1
758	1
765	2
786	2
7920	1
800	644
807	2
81	926
814	1
821	4
828	8
835	1
842	4
849	2
85000	1
863	1
870	1
88	3222
884	4
891	1
900000	1
912	2
919	142
933	4
940	25
947	3
95	1456
954	2
968	4
982	3
996	1
1	71573
1005	1
10080	1
101	391
1012	4
1019	28
1033	5
1040	108
1047	3
1054	3
1061	2
1068	1
1075	1
108	779
1082	1
1089	1
1096	2
1103	1
1110	4
1124	1
1138	4
115	1217
1152	3
1166	9
1173	4
1180	13
1194	1
12	2244403
1200000	1
1201	2
1208	1
1215	2
122	925
1222	5
1250	17
1257	2
1264	1
1278	1
1285	2
129	760
1292	2
1306	1
1320	63
1334	4
1341	1
1355	1
136	531
1369	1
1376	1
1383	1
1404	1
1411	2
1418	1
143	240
1432	1
1460	35
1474	1
1481	5
150	1192
150000	2
1516	2
1530	1
1537	1
1558	1
157	668
1586	1
1593	1
15960	1
1600	161
1621	1
164	152
1642	1
1663	1
1684	1
171	561
1733	3
1747	1
1761	1
1768	1
1775	1
178	119
1782	2
1789	1
1803	1
1810	2
1831	1
185	158
1866	6
1880	70
19	651063
1915	1
192	164
1936	3
1950	1
1957	1
1964	1
199	24
1999	1
2020	5
2027	1
206	107
2090	1
2097	1
2111	1
213	38
2160	17
220	696
2216	1
227	49
2300	11
2307	1
2321	1
234	24
2370	2
241	37
2440	21
2468	1
2475	1
248	25
2545	1
255	31
2580	1
26	3338702
262	38
269	16
2720	12
276	36
2769	1
28000	1
283	53
2860	6
2888	1
290	31
2916	1
297	17
3000	25
3028	1
304	15
3098	1
311	23
3126	1
318	20
3203	1
3224	1
325	34
33	641213
332	9
3350	2
3385	1
339	10
346	18
353	14
3560	6
360	1079
367	7
3679	7
374	8
381	18
3840	5
388	10
395	11
40	167239
402	8
409	13
4120	2
416	50
423	3
4260	2
430	8
437	12
4400	9
444	134
451	6
458	6
465	2
4666	2
4680	12
47	15466
472	9
479	2
486	6
493	5
4960	2
500	366
500000	1
507	14
514	14
521	4
528	3
535	4
54	25520
542	7
5471	1
549	1
556	7
563	6
5660	1
570	3
577	5
5800	1
584	6
598	2
605	2
6080	1
61	5677
612	4
619	1
626	3
633	11
6360	1
640	366
647	3
6500	1
654	1
661	3
6640	1
668	2
675	10
68	1861
682	1
689	5
6920	1
696	2
703	1
710	6
717	3
7200	1
724	2
731	3
738	2
745	5
75	10854
752	5
759	2
766	6
773	3
780	48
787	5
794	1
8	1470073
801	5
808	8
815	2
82	675
822	3
829	3
836	3
843	1
850	12
850000	1
857	16
864	2
871	2
878	4
885	1
89	290
892	2
899	1
913	3
920	1
927	9
934	1
941	5
948	3
955	4
96	714
962	2
969	4
976	1
990	1
997	2
100000	1
1013	2
102	636
1020	4
1027	2
1034	3
1041	1
1048	2
1055	2
1069	1
1076	4
1083	6
109	1273
1090	5
1097	2
1104	2
1111	21
1118	3
1125	1
1139	2
1153	1
116	1153
1160	50
1181	1
1195	2
1209	2
1216	4
123	934
1230	7
1237	1
1244	1
1251	3
1258	1
1272	2
1286	1
1293	2
13	2347280
130	672
1300	20
1307	2
1314	3
1328	1
1335	1
1356	1
1363	3
137	918
1370	1
1377	5
1384	3
1391	1
1405	1
1412	1
1433	2
144	304
1440	60
1447	2
1454	2
1468	1
151	157
1538	8
1552	2
1566	2
1573	3
158	130
1580	5
1587	2
1615	1
1636	3
1643	1
165	97
1650	3
1657	1
1678	1
1692	2
172	182
1720	21
1734	1
1748	1
1776	2
179	63
1818	6
1832	2
1839	28
1853	1
186	102
1860	40
1902	1
1916	1
1923	1
193	127
1937	1
1951	2
2	51786
20	20819294
200	5442
2000	152
2007	1
2035	1
207	36
2077	1
2112	1
214	204
2140	3
2182	1
221	97
2210	1
2224	1
2266	1
228	190
2280	64
2308	1
2322	1
235	188
242	45
2469	1
249	8
2490	1
2525	1
2553	1
256	33
2560	12
2567	1
2616	1
263	87
2665	1
27	1755343
270	33
2700	4
2763	2
277	51
2784	1
2798	1
284	14
2840	4
291	14
298	6
305	20
3106	1
312	42
3120	1
319	6
326	10
3260	5
3288	1
333	463
3330	1
34	256232
340	298
3400	14
3407	1
3428	2
347	25
354	12
3540	1
3603	1
361	4
3666	2
368	10
375	113
3750	1
382	7
3820	1
389	1
3911	1
3918	1
396	22
4002	1
403	25
4044	1
4079	1
41	32656
410	2
4100	1
417	7
424	5
4240	3
431	7
4366	1
438	6
445	12
452	13
459	273
466	24
4660	3
473	6
48	6607
480	954
4800	17
487	5
4912	1
501	7
508	3
5080	7
515	5
520000	1
522	4
529	4
5346	1
536	6
5360	2
543	2
55	13748
550	18
557	7
564	5
5640	1
571	60
578	5
585	9
592	8
5920	1
599	2
606	11
6060	1
613	2
62	10327
620	93
6200	1
627	3
634	4
641	2
648	5
6480	2
655	1
662	4
669	1
676	2
683	18
69	1334
690	7
697	1
704	5
7040	3
711	3
718	2
725	5
732	3
7320	1
739	4
746	5
76	6487
760	178
7600	1
774	1
781	1
788	1
7880	5
795	3
802	2
809	1
816	2
823	3
83	5820
830	1
837	1
844	5
851	1
858	5
872	1
886	1
893	4
9	1668902
90	5575
900	60
907	2
914	1
921	3
928	3
942	3
949	1
956	5
963	6
97	361
991	2
998	2
1000	332
1007	2
1014	1
1028	4
103	732
1035	1
1049	1
1056	1
1063	3
1070	2
1077	1
110	1008
1112	4
1133	12
1140	19
1154	1
1161	1
1168	1
117	1864
1175	1
1196	1
12000	1
1203	3
1217	1
1224	1
1231	1
1238	2
124	221
1245	1
1252	1
1259	1
1266	4
1273	2
1280	70
1287	1
1294	2
131	337
1315	1
1336	1
1350	4
1364	1
1371	1
138	370
14	2192003
1413	2
1420	7
1427	1
1434	1
1448	1
145	446
1483	1
1490	3
1518	1
152	165
1525	1
1539	1
1553	1
1560	25
1567	1
1574	2
1588	1
159	51
1616	2
1630	1
1637	1
1644	1
166	2333
1693	1
1700	6
1707	2
1714	6
173	312
1735	2
1742	1
1749	1
1756	1
1777	6
17880	2
1791	1
180	767
1805	1
1833	7
1840	1
187	260
1875	4
1896	1
1910	1
194	66
1952	2
1980	8
1994	1
201	59
2022	3
2043	1
208	83
21	12669674
2120	19
215	67
2169	1
2176	1
2190	1
2218	1
222	981
2260	39
229	56
2316	1
2323	1
2330	1
2351	1
236	59
2393	1
2400	121
2428	2
243	40
2477	1
250	868
2505	1
2533	2
257	77
2610	1
264	22
2666	2
2680	32
271	21
2750	1
278	17
28	1202293
2820	2
285	482
2862	1
292	17
2960	4
299	3
3	111876
3016	1
306	14
3100	1
313	10
3142	2
320	1351
3233	1
3240	2
327	19
334	9
3366	1
341	12
3422	1
348	5
35	243872
3520	7
355	29
362	7
369	7
3723	1
376	10
3800	11
383	26
390	16
397	4
404	24
411	8
418	6
42	54980
4220	1
425	19
432	17
4360	1
439	3
4444	1
446	12
453	8
460	3
4640	4
467	6
474	1
481	6
4850	1
488	37
49	1625
495	4
502	7
5060	2
509	10
516	13
5200	5
523	7
530	3
5312	1
537	3
544	5
5480	7
551	2
558	2
56	2151
565	4
572	7
579	1
586	6
593	3
600	878
6033	1
607	8
614	1
621	3
6215	1
628	10
63	3458
6320	1
635	5
642	14
649	3
656	4
6600	1
663	6
670	2
677	3
684	3
6880	1
691	2
70	2713
705	7
712	5
726	4
733	16
740	61
747	3
750000	1
754	4
761	1
768	2
77	1207
775	4
789	1
796	5
8000	6
803	8
810	4
824	1
84	841
845	1
852	6
859	1
866	13
873	1
880	251
887	12
894	1
901	2
908	3
91	483
915	1
922	3
929	4
936	2
950	2
957	4
96000	1
971	2
98	219
985	2
992	3
1001	3
1008	3
1015	2
1022	3
1036	1
104	976
1043	3
1050	6
1057	2
1064	2
1078	2
1085	2
1092	2
1106	1
111	5583
1113	2
1120	77
1127	2
1148	2
1155	4
1162	2
1169	1
1176	5
118	679
1190	1
1197	2
1204	1
1211	2
1218	2
1225	1
1232	3
1239	2
1246	3
125	4940
1253	3
1260	14
1288	5
1295	2
1302	1
1309	2
1316	2
132	172
1330	1
1337	1
1344	2
1351	1
1358	2
1365	1
1379	3
139	140
1393	1
1400	121
1407	1
1414	2
1421	2
1428	14
1435	2
1442	3
146	384
1470	2
15	2547442
1512	3
153	1448
1533	12
1540	8
1575	1
1596	2
160	2886
1603	3
1610	1
1617	2
1638	1
1645	1
1652	1
1666	20
167	81
1680	57
1701	1
1715	3
1729	1
174	49
1750	1
1771	1
1778	2
181	1257
1813	1
1820	7
1855	1
1869	1
188	122
1904	1
1925	2
1932	2
1939	6
1946	1
195	69
1953	1
1960	15
2002	1
2016	1
202	59
2037	1
2044	1
209	88
2100	9
216	186
22	7061582
2226	1
223	34
2233	1
2240	28
2275	1
230	147
2366	1
237	45
2380	1
2394	1
244	142
251	28
2513	1
2520	12
2548	2
2555	1
258	63
265	22
2660	14
272	143
2730	1
279	9
2800	68
286	33
29	453671
2926	1
293	48
2933	1
2940	2
300	727
3003	1
3066	1
307	156
3080	23
314	80
321	16
328	27
335	14
3360	3
342	48
3479	15
349	3
3500	2
356	15
36	286221
363	117
3640	3
370	24
3703	1
377	19
384	38
3864	1
391	6
3920	2
398	4
4	243255
4004	1
405	4
412	8
419	4
4200	3
426	14
43	13465
433	25
4340	1
4375	1
440	692
4403	1
447	8
4480	5
454	25
4599	1
461	21
4620	1
468	7
475	11
4760	1
482	11
489	2
496	6
50	102639
503	5
5040	2
510	6
517	6
524	1
531	3
5320	1
538	11
545	26
552	7
559	2
5600	5
566	22
57	30046
573	2
580	119
587	6
5880	6
594	3
60000	2
601	2
608	5
615	14
6160	1
622	17
629	2
636	9
64	2318
643	6
6440	1
650	12
657	2
664	5
671	3
678	1
685	5
692	4
699	2
7000	1
706	3
71	7294
713	2
720	265
727	7
748	1
755	3
762	1
769	14
776	4
78	821
783	3
790	4
797	5
804	1
811	1
818	1
825	2
832	6
839	1
846	3
85	6101
853	4
860	68
881	2
888	21
895	2
902	1
909	12
916	4
92	855
923	3
937	1
944	1
95000	1
951	1
958	3
965	1
972	1
979	2
986	2
99	76
993	1
