100000	1
1013	2
102	636
1020	4
1027	2
1034	3
1041	1
1048	2
1055	2
1069	1
1076	4
1083	6
109	1273
1090	5
1097	2
1104	2
1111	21
1118	3
1125	1
1139	2
1153	1
116	1153
1160	50
1181	1
1195	2
1209	2
1216	4
123	934
1230	7
1237	1
1244	1
1251	3
1258	1
1272	2
1286	1
1293	2
13	2347280
130	672
1300	20
1307	2
1314	3
1328	1
1335	1
1356	1
1363	3
137	918
1370	1
1377	5
1384	3
1391	1
1405	1
1412	1
1433	2
144	304
1440	60
1447	2
1454	2
1468	1
151	157
1538	8
1552	2
1566	2
1573	3
158	130
1580	5
1587	2
1615	1
1636	3
1643	1
165	97
1650	3
1657	1
1678	1
1692	2
172	182
1720	21
1734	1
1748	1
1776	2
179	63
1818	6
1832	2
1839	28
1853	1
186	102
1860	40
1902	1
1916	1
1923	1
193	127
1937	1
1951	2
2	51786
20	20819294
200	5442
2000	152
2007	1
2035	1
207	36
2077	1
2112	1
214	204
2140	3
2182	1
221	97
2210	1
2224	1
2266	1
228	190
2280	64
2308	1
2322	1
235	188
242	45
2469	1
249	8
2490	1
2525	1
2553	1
256	33
2560	12
2567	1
2616	1
263	87
2665	1
27	1755343
270	33
2700	4
2763	2
277	51
2784	1
2798	1
284	14
2840	4
291	14
298	6
305	20
3106	1
312	42
3120	1
319	6
326	10
3260	5
3288	1
333	463
3330	1
34	256232
340	298
3400	14
3407	1
3428	2
347	25
354	12
3540	1
3603	1
361	4
3666	2
368	10
375	113
3750	1
382	7
3820	1
389	1
3911	1
3918	1
396	22
4002	1
403	25
4044	1
4079	1
41	32656
410	2
4100	1
417	7
424	5
4240	3
431	7
4366	1
438	6
445	12
452	13
459	273
466	24
4660	3
473	6
48	6607
480	954
4800	17
487	5
4912	1
501	7
508	3
5080	7
515	5
520000	1
522	4
529	4
5346	1
536	6
5360	2
543	2
55	13748
550	18
557	7
564	5
5640	1
571	60
578	5
585	9
592	8
5920	1
599	2
606	11
6060	1
613	2
62	10327
620	93
6200	1
627	3
634	4
641	2
648	5
6480	2
655	1
662	4
669	1
676	2
683	18
69	1334
690	7
697	1
704	5
7040	3
711	3
718	2
725	5
732	3
7320	1
739	4
746	5
76	6487
760	178
7600	1
774	1
781	1
788	1
7880	5
795	3
802	2
809	1
816	2
823	3
83	5820
830	1
837	1
844	5
851	1
858	5
872	1
886	1
893	4
9	1668902
90	5575
900	60
907	2
914	1
921	3
928	3
942	3
949	1
956	5
963	6
97	361
991	2
998	2
