10000	1
1002	3
1009	1
1016	3
1023	1
1030	1
1037	1
1044	1
105	2081
1051	2
1058	2
1065	3
1072	3
1093	1
1100	31
1107	1
1114	2
112	887
1128	1
1135	2
1142	8
1156	1
1163	2
1170	4
1177	3
119	335
1191	2
1212	2
1226	3
1233	4
1240	41
1254	3
126	496
1275	7
1310	1
133	3319
1331	2
1338	1
1352	1
1366	3
1373	1
1380	10
1387	1
1394	1
140	1317
1401	1
1408	1
1436	1
1443	1
1450	1
1457	4
1464	1
147	207
1485	1
1513	2
1520	50
154	149
1555	2
1562	2
1569	1
1583	1
16	2424160
161	136
1625	5
1632	5
1639	25
1653	1
1660	17
168	113
1688	1
1702	1
1709	1
1737	1
175	307
1772	1
17763	1
1793	4
1800	76
182	103
1828	1
1842	1
1856	1
189	62
1933	1
196	79
1975	2
2003	1
2010	1
203	51
2031	1
2052	1
2066	2
2073	1
2080	47
2087	1
210	233
217	72
2220	6
224	30
2248	1
2262	3
23	3080606
231	88
2360	8
238	66
2444	1
245	52
2500	13
2514	1
252	24
2528	1
259	11
2640	8
266	347
2668	1
2710	1
273	14
280	2178
2808	2
2857	4
287	28
2885	1
2920	4
294	45
2962	1
30	2066830
301	12
3060	9
308	53
3130	1
315	51
3200	33
322	37
3235	1
329	10
3333	6
336	27
343	11
3466	1
350	64
3543	1
357	35
364	9
3690	1
37	130001
371	12
3760	1
378	16
385	19
3879	23
3900	1
392	15
3970	1
399	18
4040	2
406	4
413	8
420	203
427	4
4320	2
434	16
44	89156
4404	1
441	4
4432	1
448	8
4516	1
455	5
4600	7
462	10
469	5
476	12
4761	1
483	13
4880	3
490	10
497	2
5	527640
504	5
51	4044
511	4
518	3
525	14
532	7
539	5
5440	2
5454	1
546	8
553	4
560	432
567	2
58	10104
581	4
5860	2
588	16
595	3
6000	3
602	7
609	5
616	2
623	1
6280	4
630	15
637	9
644	3
65	1123
651	3
658	1
665	3
672	5
679	3
686	3
6959	1
700	114
707	3
714	28
72	5470
720000	1
721	2
728	8
735	5
7400	1
742	6
756	5
763	3
777	4
784	4
79	234
798	2
805	2
812	3
819	45
833	35
840	150
847	3
854	4
86	1382
868	2
875	8
882	1
889	1
899900	1
903	1
910	5
917	1
924	1
93	818
938	1
945	3
952	10
966	7
980	27
987	1
994	1
