0	82635145
100	12154
1004	2
1011	3
1018	1
1025	3
1032	2
1039	2
1046	3
1053	4
1060	44
107	1149
1074	1
1088	4
1095	1
11	2760749
1102	3
1109	1
1116	2
1137	1
114	2361
1144	1
1151	1
1158	3
1172	1
1193	3
1200	203
121	873
1214	2
1228	2
1235	1
1242	1
1256	1
1263	4
1270	2
1277	2
128	612
1291	1
130000	1
1305	2
1312	1
1326	1
1333	30
1340	10
135	375
1354	3
1361	2
1375	4
1382	2
1389	1
1403	1
1410	2
142	3083
1431	2
1466	4
1473	7
1480	105
149	64
15000	1
1515	1
1529	1
1536	1
1543	1
1550	4
1557	1
156	150
1571	2
1578	2
1585	3
1592	1
1606	1
1620	4
1627	1
163	250
1662	1
1683	3
1690	1
170	145
1711	1
1718	1
1732	1
1739	6
1760	28
177	255
1781	1
18	1924322
1802	1
1830	1
184	106
1851	3
1893	4
1900	8
191	114
1977	1
198	44
200000	1
2012	1
2019	1
2033	1
205	64
2061	1
2110	2
212	73
2166	3
2180	2
219	26
2222	12
2236	1
2250	3
226	26
2264	1
2285	2
2306	1
2313	1
2320	21
233	209
2355	1
2383	1
240	1890
2460	14
247	37
2488	1
2495	1
25	4917112
2502	1
2509	2
2516	1
254	57
2600	53
261	17
268	28
2684	1
2705	1
275	154
282	17
2880	12
289	10
2950	1
296	25
303	27
3076	4
310	46
3111	1
3146	1
3160	2
317	22
32	854766
324	15
3279	9
331	7
338	37
3440	5
345	23
3510	1
352	51
3559	1
359	6
3636	2
366	81
3720	3
373	13
380	202
3860	6
387	20
39	19402
3923	1
394	3
4000	42
401	12
408	7
4126	1
415	6
422	5
4280	10
429	12
436	14
443	22
450	17
457	28
46	36483
464	1
4700	1
471	10
478	10
4840	1
485	9
492	4
499	3
50000	3
506	4
513	3
520	469
5260	1
527	3
53	8856
534	1
5400	3
541	5
548	2
555	27
562	6
5680	1
569	3
576	6
5792	2
583	9
590	4
597	2
60	21775
604	4
611	7
618	6
625	31
632	9
639	2
646	6
653	2
660	193
667	2
67	653
674	1
6800	4
681	3
688	7
695	5
7	965886
709	3
716	9
723	2
730	2
737	1
74	1294
744	5
751	1
758	1
765	2
786	2
7920	1
800	644
807	2
81	926
814	1
821	4
828	8
835	1
842	4
849	2
85000	1
863	1
870	1
88	3222
884	4
891	1
900000	1
912	2
919	142
933	4
940	25
947	3
95	1456
954	2
968	4
982	3
996	1
