1	71573
1005	1
10080	1
101	391
1012	4
1019	28
1033	5
1040	108
1047	3
1054	3
1061	2
1068	1
1075	1
108	779
1082	1
1089	1
1096	2
1103	1
1110	4
1124	1
1138	4
115	1217
1152	3
1166	9
1173	4
1180	13
1194	1
12	2244403
1200000	1
1201	2
1208	1
1215	2
122	925
1222	5
1250	17
1257	2
1264	1
1278	1
1285	2
129	760
1292	2
1306	1
1320	63
1334	4
1341	1
1355	1
136	531
1369	1
1376	1
1383	1
1404	1
1411	2
1418	1
143	240
1432	1
1460	35
1474	1
1481	5
150	1192
150000	2
1516	2
1530	1
1537	1
1558	1
157	668
1586	1
1593	1
15960	1
1600	161
1621	1
164	152
1642	1
1663	1
1684	1
171	561
1733	3
1747	1
1761	1
1768	1
1775	1
178	119
1782	2
1789	1
1803	1
1810	2
1831	1
185	158
1866	6
1880	70
19	651063
1915	1
192	164
1936	3
1950	1
1957	1
1964	1
199	24
1999	1
2020	5
2027	1
206	107
2090	1
2097	1
2111	1
213	38
2160	17
220	696
2216	1
227	49
2300	11
2307	1
2321	1
234	24
2370	2
241	37
2440	21
2468	1
2475	1
248	25
2545	1
255	31
2580	1
26	3338702
262	38
269	16
2720	12
276	36
2769	1
28000	1
283	53
2860	6
2888	1
290	31
2916	1
297	17
3000	25
3028	1
304	15
3098	1
311	23
3126	1
318	20
3203	1
3224	1
325	34
33	641213
332	9
3350	2
3385	1
339	10
346	18
353	14
3560	6
360	1079
367	7
3679	7
374	8
381	18
3840	5
388	10
395	11
40	167239
402	8
409	13
4120	2
416	50
423	3
4260	2
430	8
437	12
4400	9
444	134
451	6
458	6
465	2
4666	2
4680	12
47	15466
472	9
479	2
486	6
493	5
4960	2
500	366
500000	1
507	14
514	14
521	4
528	3
535	4
54	25520
542	7
5471	1
549	1
556	7
563	6
5660	1
570	3
577	5
5800	1
584	6
598	2
605	2
6080	1
61	5677
612	4
619	1
626	3
633	11
6360	1
640	366
647	3
6500	1
654	1
661	3
6640	1
668	2
675	10
68	1861
682	1
689	5
6920	1
696	2
703	1
710	6
717	3
7200	1
724	2
731	3
738	2
745	5
75	10854
752	5
759	2
766	6
773	3
780	48
787	5
794	1
8	1470073
801	5
808	8
815	2
82	675
822	3
829	3
836	3
843	1
850	12
850000	1
857	16
864	2
871	2
878	4
885	1
89	290
892	2
899	1
913	3
920	1
927	9
934	1
941	5
948	3
955	4
96	714
962	2
969	4
976	1
990	1
997	2
