10	2459236
1003	2
1010	3
1017	1
1024	1
1031	1
1038	2
1045	3
1052	11
106	908
1066	7
1080	155
1115	2
1122	5
113	611
1136	1
1150	2
1157	5
1164	1
1171	6
1178	2
1185	1
1192	1
120	4191
1206	2
1213	2
1220	8
1227	1
1234	2
1241	1
1248	1
1262	6
127	826
1290	4
1297	1
1304	1
1311	2
1318	1
1332	3
134	276
1346	3
1353	2
1360	50
1388	3
1395	1
1409	1
141	315
1416	1
1423	1
1430	5
1437	1
1444	4
1472	6
148	311
1486	2
1493	1
1500	19
1521	1
1535	1
1542	2
155	438
1577	2
1584	1
1591	2
1605	1
162	210
1626	1
1633	4
1647	2
1654	2
1682	1
169	314
17	1047575
1710	1
1731	1
176	372
1766	1
1780	4
1794	1
1815	1
1822	3
183	342
1836	1
1850	1
1864	1
1871	1
1878	2
1885	1
190	298
1920	22
197	45
1976	1
2011	1
2018	1
2025	2
2032	3
2039	3
204	57
2060	16
211	74
2116	1
218	97
2200	72
22300	1
225	126
2270	1
2312	1
232	27
2340	1
239	12
24	2221551
2403	1
2424	1
246	40
2466	2
2473	1
2480	43
253	26
2550	1
260	806
2606	1
2620	3
267	10
2711	1
274	8
2760	7
2774	1
2781	1
281	29
288	42
2900	1
295	14
2970	1
2998	1
302	9
3040	7
309	18
31	1042337
316	29
323	24
3257	2
330	18
3320	4
337	15
344	23
3460	5
351	11
358	6
3600	19
365	10
372	8
379	5
38	68659
386	5
3866	2
3908	1
393	7
3964	1
400	2250
407	6
414	5
421	16
428	72
435	8
4412	1
442	14
449	4
45	20191
456	6
463	11
470	16
4720	1
4755	1
477	6
484	3
4860	2
4902	1
491	5
498	2
5000	4
505	3
512	23
519	2
52	10161
526	19
5280	5
533	45
540	134
547	3
561	8
568	5
5714	1
575	7
582	5
5840	1
59	1165
6	777788
600000	1
603	9
610	6
6120	2
617	3
624	2
6260	1
631	12
638	2
6400	3
645	12
6456	1
65000	1
652	6
66	31037
6659	1
666	68
6666	1
6680	2
673	7
680	491
687	4
694	1
701	2
708	8
715	4
7240	1
729	2
73	1181
736	4
743	3
750	24
757	4
764	2
771	3
778	2
785	1
792	4
799	2
80	8555
806	2
813	4
820	1
827	1
834	4
841	6
848	6
855	6
862	3
869	7
87	897
876	1
883	2
890	5
897	2
911	7
918	9
925	3
939	2
94	562
946	1
953	4
960	91
981	1
988	1
995	1
