01:00:00	7370773	115763689.37	9.46
02:00:00	5445690	84987676.76	9.24
03:00:00	4005784	60943886.33	9.01
04:00:00	2900974	44805820.31	8.66
05:00:00	2178426	37200088.33	8.05
06:00:00	1672431	31944000.55	8.92
07:00:00	3208910	48555062.54	9.42
08:00:00	5699323	76702850.52	9.64
09:00:00	7404972	102393059.19	9.93
10:00:00	8079879	114359589.26	9.85
11:00:00	7865502	109721235.00	9.31
12:00:00	7919583	110791388.15	8.98
13:00:00	8493788	119475269.68	8.89
14:00:00	8359782	119960264.81	8.77
15:00:00	8574910	126520765.45	8.72
16:00:00	8432689	127257264.32	8.65
17:00:00	7211803	115394434.72	8.73
18:00:00	7859297	121096137.80	8.82
19:00:00	10219798	153764565.39	9.02
20:00:00	11074996	161150384.57	9.27
21:00:00	10437603	148901596.46	9.65
22:00:00	10090983	147588828.02	9.73
23:00:00	9848148	146965182.10	9.74
23:59:59	8829047	135262836.05	9.64
