1,00	0.10517084902
1,01	0.0961868281804
1,02	0.0903321796516
1,03	0.0850690935617
1,04	0.100036113836
1,05	0.122710525913
1,06	0.114684097784
1,07	0.1159983119
1,08	0.118407947326
1,09	0.116864094778
1,10	0.108968709334
1,11	0.104424844998
1,12	0.10198103621
1,13	0.101326549069
1,14	0.100451461729
1,15	0.101623149001
1,16	0.108220595806
1,17	0.110561424252
1,18	0.116067431552
1,19	0.119969780465
1,20	0.123178723995
1,21	0.125169262404
1,22	0.121489157493
1,23	0.119076016903
2,00	0.111415452997
2,01	0.1039096602
2,02	0.097616422328
2,03	0.090221860269
2,04	0.0970505756363
2,05	0.117444775097
2,06	0.112929089959
2,07	0.116103489118
2,08	0.119642325789
2,09	0.118250928369
2,10	0.110726666495
2,11	0.106307609607
2,12	0.10533316492
2,13	0.104345593252
2,14	0.104174998141
2,15	0.104397963055
2,16	0.11144754302
2,17	0.112778773957
2,18	0.117925071766
2,19	0.123449368542
2,20	0.125420649774
2,21	0.126410404072
2,22	0.1257834883
2,23	0.121862380199
3,00	0.116709546879
3,01	0.109256894503
3,02	0.101352688154
3,03	0.0941413330523
3,04	0.0998059275797
3,05	0.121353428923
3,06	0.115350086704
3,07	0.117901924075
3,08	0.122095519472
3,09	0.120393736362
3,10	0.112913531539
3,11	0.108784383436
3,12	0.107206745887
3,13	0.106218303967
3,14	0.107379231308
3,15	0.10754457258
3,16	0.113212930895
3,17	0.113772419061
3,18	0.118640435686
3,19	0.123062707738
3,20	0.125208667085
3,21	0.126721047276
3,22	0.125629213503
3,23	0.122835558543
4,00	0.117715310345
4,01	0.111334257826
4,02	0.103561095093
4,03	0.0955524942131
4,04	0.101568536758
4,05	0.12228387852
4,06	0.115791321656
4,07	0.117533284238
4,08	0.121671944367
4,09	0.119774606187
4,10	0.111757883089
4,11	0.108154382649
4,12	0.106516431407
4,13	0.106507609706
4,14	0.1063363845
4,15	0.105940838796
4,16	0.111905484447
4,17	0.112979969462
4,18	0.117487336817
4,19	0.121312506344
4,20	0.122848389819
4,21	0.123898137321
4,22	0.123894462438
4,23	0.122800978526
5,00	0.119519616517
5,01	0.114244164174
5,02	0.106908783701
5,03	0.0985776550018
5,04	0.10105023478
5,05	0.118802860246
5,06	0.116321403632
5,07	0.116226823055
5,08	0.120047658548
5,09	0.116884765752
5,10	0.108459030127
5,11	0.104827006747
5,12	0.104417671734
5,13	0.103402864675
5,14	0.102527733388
5,15	0.102273021209
5,16	0.107787051705
5,17	0.10902971007
5,18	0.113181411086
5,19	0.114591836245
5,20	0.11504998022
5,21	0.112687210305
5,22	0.110957997082
5,23	0.111461893515
6,00	0.111525223322
6,01	0.112016524782
6,02	0.110520826474
6,03	0.106021649977
6,04	0.0944500672799
6,05	0.0982199894942
6,06	0.103630192596
6,07	0.104598944403
6,08	0.103290459528
6,09	0.099161871827
6,10	0.0967655687131
6,11	0.0962112462117
6,12	0.0962473330061
6,13	0.0937798454591
6,14	0.0931260216081
6,15	0.0929787801073
6,16	0.093455103677
6,17	0.0939366595785
6,18	0.0962062021603
6,19	0.0983064632182
6,20	0.104761832058
6,21	0.103091259407
6,22	0.103718938588
6,23	0.10508550616
7,00	0.107295218206
7,01	0.109657255433
7,02	0.110202743208
7,03	0.106171188855
7,04	0.0930397654214
7,05	0.0903857366158
7,06	0.0964488073747
7,07	0.0975234969532
7,08	0.0985022685884
7,09	0.0958580663693
7,10	0.0961845256365
7,11	0.0984880060655
7,12	0.0998936377957
7,13	0.0993974770508
7,14	0.0982342334641
7,15	0.100658851314
7,16	0.103576517689
7,17	0.103381165876
7,18	0.104889835926
7,19	0.106288679772
7,20	0.110117967592
7,21	0.111536938822
7,22	0.112538731199
7,23	0.110111938723
