2013000366	0.503741007194,17
2013023538	0.413887399464,31
2013000946	0.35971563981,13
2013008631	0.322330097087,16
2013028741	0.308811639271,280
2013006181	0.277696476965,29
2013028089	0.262,1
2013029387	0.230434782609,3
2013026851	0.211336032389,10
2013010907	0.208354006034,289
2013028765	0.208333333333,1
2013023431	0.203846153846,11
2013001385	0.203066361556,18
2013011693	0.202258652095,9
2013014015	0.199890784983,97
2013006974	0.192661654135,15
2013008325	0.191918876755,23
2013025396	0.189090909091,23
2013006120	0.188688327316,34
2013024666	0.18846294602,166
